 subject	trial	gazeX	gazeY	label
1	1	-1	-1	1
1	1	-1	-1	1
1	1	-1	-1	1
1	1	-1	-1	1
1	1	-1	-1	1
1	1	-1	-1	1
1	1	-1	-1	1
1	1	-1	-1	1
1	1	-1	-1	1
1	1	-1	-1	1
1	1	-1	-1	1
1	1	-1	-1	1
1	1	-1	-1	1
1	1	-1	-1	1
1	1	-1	-1	1
1	1	-1	-1	1
1	1	-1	-1	1
1	1	-1	-1	1
1	1	-1	-1	1
1	1	-1	-1	1
1	1	-1	-1	1
1	1	0.7463199	0.3817881	1
1	1	-1	-1	1
1	1	0.7563701	0.391761	1
1	1	-1	-1	1
1	1	0.7540916	0.3970774	1
1	1	0.7646027	0.363432	1
1	1	0.7640033	0.3662336	1
1	1	0.7629339	0.3637718	1
1	1	0.7653103	0.3651106	1
1	1	0.7703643	0.366726	1
1	1	0.7670897	0.3745984	1
1	1	0.764152	0.3809036	1
1	1	0.7634421	0.3802759	1
1	1	0.7639065	0.3765774	1
1	1	0.7557839	0.3833747	1
1	1	0.7722485	0.3731113	1
1	1	0.7540804	0.3797127	1
1	1	0.8017529	0.3427816	1
1	1	0.7874613	0.3546742	1
1	1	0.7883193	0.3387736	1
1	1	0.8083304	0.3054079	1
1	1	0.7861607	0.3433465	1
1	1	0.7707645	0.3795945	1
1	1	0.777724	0.3731489	1
1	1	0.774228	0.370648	1
1	1	0.775735	0.371073	1
1	1	0.7761376	0.3698674	1
1	1	0.7759579	0.3732846	1
1	1	0.7755393	0.3781333	1
1	1	0.7749038	0.3754286	1
1	1	0.775743	0.3785852	1
1	1	0.7855077	0.3671901	1
1	1	0.7828925	0.3730522	1
1	1	0.7839466	0.3603509	1
1	1	0.7809969	0.3769529	1
1	1	0.7917511	0.3654697	1
1	1	0.7943873	0.3611744	1
1	1	0.7907712	0.3560066	1
1	1	0.7894065	0.3637597	1
1	1	0.7878405	0.371069	1
1	1	0.7898377	0.3693414	1
1	1	0.7854542	0.3672231	1
1	1	0.7880232	0.362236	1
1	1	0.789064	0.3652261	1
1	1	0.7954832	0.3548297	1
1	1	0.7984995	0.3345378	1
1	1	0.8130051	0.3600871	1
1	1	0.7770312	0.3227474	1
1	1	0.8255234	0.3077851	1
1	1	0.8131316	0.3144788	1
1	1	0.8050195	0.3367889	1
1	1	0.7860943	0.36572	1
1	1	0.7832655	0.354269	1
1	1	0.794007	0.3642879	1
1	1	0.7891188	0.3651256	1
1	1	0.7625595	0.3672292	1
1	1	0.5945867	0.4355035	1
1	1	0.4587157	0.4386151	1
1	1	0.4681807	0.4470897	1
1	1	0.4800256	0.4401127	1
1	1	0.4785801	0.4360197	1
1	1	0.4864577	0.4410918	1
1	1	0.4851807	0.4431279	1
1	1	0.4860312	0.4392052	1
1	1	0.4823074	0.4319905	1
1	1	0.4841143	0.435869	1
1	1	0.4829762	0.4341228	1
1	1	0.4789849	0.4447024	1
1	1	0.4795098	0.4313014	1
1	1	0.4845703	0.447365	1
1	1	0.4863177	0.4479428	1
1	1	0.4825787	0.4370956	1
1	1	0.484978	0.4454801	1
1	1	0.4791288	0.443776	1
1	1	0.4750986	0.4536096	1
1	1	0.4850659	0.4465255	1
1	1	0.4847274	0.4415068	1
1	1	0.4902612	0.4524073	1
1	1	0.4943657	0.4363176	1
1	1	0.4945199	0.4412671	1
1	1	0.4884947	0.4431904	1
1	1	0.4908547	0.4482093	1
1	1	0.4891883	0.4347648	1
1	1	0.4832966	0.4527096	1
1	1	0.4863951	0.4367052	1
1	1	0.4813765	0.4391602	1
1	1	0.4782149	0.4363528	1
1	1	0.4815112	0.4419019	1
1	1	0.4765694	0.4449001	1
1	1	0.4845214	0.4406378	1
1	1	0.4757839	0.4456435	1
1	1	0.4846314	0.4405295	1
1	1	0.4762722	0.4409604	1
1	1	0.4761548	0.4491647	1
1	1	0.5451198	0.4130239	1
1	1	0.5584479	0.4116953	1
1	1	0.5568596	0.4117069	1
1	1	0.5638888	0.4128927	1
1	1	0.5625978	0.4178503	1
1	1	0.5657228	0.416054	1
1	1	0.5659361	0.4053624	1
1	1	0.567545	0.4035618	1
1	1	0.5655574	0.4098289	1
1	1	0.5661256	0.4058903	1
1	1	0.5644305	0.4099371	1
1	1	0.5643566	0.405047	1
1	1	0.5622715	0.4150528	1
1	1	0.5389749	0.539705	1
1	1	0.5386401	0.5332717	1
1	1	0.5361323	0.5355371	1
1	1	0.5395716	0.5395777	1
1	1	0.5404889	0.5324899	1
1	1	0.5440981	0.5363829	1
1	1	0.5451819	0.5325698	1
1	1	0.5444543	0.5365012	1
1	1	0.5406805	0.530382	1
1	1	0.5443241	0.5318175	1
1	1	0.5392914	0.5311801	1
1	1	0.5372894	0.5305846	1
1	1	0.5356969	0.5327361	1
1	1	0.5393859	0.5328915	1
1	1	0.5406375	0.5339611	1
1	1	0.5390685	0.5339018	1
1	1	0.5379476	0.5294029	1
1	1	0.5390038	0.5277028	1
1	1	0.5393826	0.5300276	1
1	1	0.545908	0.5306991	1
1	1	0.539597	0.5317858	1
1	1	0.5368396	0.5322119	1
1	1	0.5378149	0.5295054	1
1	1	-1	-1	1
1	1	-1	-1	1
1	1	-1	-1	1
1	2	-1	-1	1
1	2	-1	-1	1
1	2	0.5293029	0.5232714	1
1	2	0.5307928	0.5198544	1
1	2	0.5311769	0.5139807	1
1	2	0.5302081	0.5165675	1
1	2	0.5292785	0.5163501	1
1	2	0.5291744	0.5184943	1
1	2	0.5322912	0.5174537	1
1	2	0.5316435	0.5165095	1
1	2	0.5346571	0.516795	1
1	2	0.535883	0.5150249	1
1	2	0.5362343	0.5141549	1
1	2	0.534839	0.5173031	1
1	2	0.5357277	0.5160486	1
1	2	0.5367671	0.5122593	1
1	2	0.5349643	0.5166682	1
1	2	0.5367065	0.5246852	1
1	2	0.5410691	0.5171599	1
1	2	0.538798	0.5265669	1
1	2	0.5388081	0.5180843	1
1	2	0.5432752	0.5265751	1
1	2	0.5415267	0.5252532	1
1	2	0.5434201	0.5248316	1
1	2	0.5439805	0.5239239	1
1	2	0.5275108	0.5217624	1
1	2	0.3633169	0.5210657	1
1	2	0.3065017	0.5336722	1
1	2	0.3286298	0.5360046	1
1	2	0.3176575	0.5320912	1
1	2	0.32247	0.5434557	1
1	2	0.3217485	0.5313234	1
1	2	0.3247895	0.5366187	1
1	2	0.3186394	0.5296046	1
1	2	0.3219644	0.5206739	1
1	2	0.3280507	0.527275	1
1	2	0.3240072	0.5176874	1
1	2	0.3255081	0.5489168	1
1	2	0.2933242	0.5344495	1
1	2	0.2966558	0.5459873	1
1	2	0.2804346	0.5206037	1
1	2	0.2964129	0.5608121	1
1	2	0.2909052	0.5280839	1
1	2	0.2920025	0.5298734	1
1	2	0.299082	0.5350738	1
1	2	0.2922726	0.5280187	1
1	2	0.2962739	0.528024	1
1	2	0.2858964	0.5155963	1
1	2	0.2875983	0.5281914	1
1	2	0.2842689	0.5250565	1
1	2	0.2972436	0.5471861	1
1	2	0.2959579	0.5378911	1
1	2	0.2924115	0.5187007	1
1	2	0.2890144	0.5265715	1
1	2	0.288611	0.5166799	1
1	2	0.2938053	0.5219728	1
1	2	0.289713	0.5306532	1
1	2	0.2902738	0.5310363	1
1	2	0.3638311	0.4817073	1
1	2	0.4916087	0.415725	1
1	2	0.5536872	0.4285161	1
1	2	0.5714967	0.4150966	1
1	2	0.5675622	0.4143893	1
1	2	0.5640601	0.3900503	1
1	2	0.5635061	0.4073516	1
1	2	0.5685231	0.3988577	1
1	2	0.5693079	0.4056503	1
1	2	0.5563136	0.4086912	1
1	2	0.5686817	0.3989377	1
1	2	0.5527201	0.4102171	1
1	2	0.5579873	0.4140919	1
1	2	0.5631154	0.4108393	1
1	2	0.559182	0.4254052	1
1	2	0.55682	0.4079106	1
1	2	0.5677993	0.4127883	1
1	2	0.5644714	0.4183774	1
1	2	0.5629342	0.4201819	1
1	2	0.5691846	0.4110514	1
1	2	0.574064	0.4168284	1
1	2	0.5690706	0.4186334	1
1	2	0.5653161	0.4242523	1
1	2	0.5537171	0.4131923	1
1	2	0.5527406	0.422352	1
1	2	0.5598912	0.428417	1
1	2	0.5527067	0.4091294	1
1	2	0.5572411	0.4186449	1
1	2	0.5428725	0.4355322	1
1	2	0.554566	0.4179026	1
1	2	0.5588593	0.4279728	1
1	2	0.5641537	0.4152071	1
1	2	0.5465077	0.4344021	1
1	2	0.5533414	0.4196702	1
1	2	0.5533373	0.4258918	1
1	2	0.5552689	0.4282413	1
1	2	0.5539795	0.4329928	1
1	2	0.551497	0.4422803	1
1	2	0.5519782	0.4309307	1
1	2	0.5581281	0.4233288	1
1	2	0.562405	0.4312476	1
1	2	0.5637511	0.4337899	1
1	2	0.5586374	0.4342708	1
1	2	0.5584425	0.4293325	1
1	2	0.5535926	0.4234634	1
1	2	0.5561732	0.4273006	1
1	2	0.5510256	0.4320375	1
1	2	0.5509943	0.4362632	1
1	2	0.5529556	0.4357307	1
1	2	0.5496797	0.4414665	1
1	2	0.5533965	0.4246252	1
1	2	0.5518945	0.4314418	1
1	2	0.551277	0.4252185	1
1	2	0.5549939	0.4252113	1
1	2	0.5547197	0.4165503	1
1	2	0.5534694	0.415294	1
1	2	0.5535172	0.421349	1
1	2	0.5477049	0.4317963	1
1	2	0.5472196	0.4279971	1
1	2	0.5421425	0.4222983	1
1	2	0.5391136	0.4309613	1
1	2	0.5433916	0.4293275	1
1	2	0.5417863	0.4244973	1
1	2	0.538474	0.4321409	1
1	2	0.5409358	0.4294894	1
1	2	0.5371314	0.4297942	1
1	2	0.5415325	0.4306159	1
1	2	0.544059	0.4246913	1
1	2	0.5439478	0.4272746	1
1	2	0.5414113	0.4300638	1
1	2	0.5336971	0.4330465	1
1	2	0.4265331	0.4352621	1
1	2	0.4075511	0.4445	1
1	2	0.4083579	0.443571	1
1	2	0.4002708	0.4473794	1
1	2	0.4032694	0.4401807	1
1	2	0.3979472	0.451728	1
1	2	0.4001459	0.4473236	1
1	2	0.4039799	0.4418423	1
1	2	0.4051034	0.4421858	1
1	2	0.4093709	0.4421132	1
1	2	0.4091368	0.439814	1
1	2	0.4035065	0.4422917	1
1	2	0.3941623	0.4440127	1
1	2	0.395693	0.440211	1
1	3	0.3967927	0.4388563	1
1	3	0.4012262	0.4312587	1
1	3	0.3994126	0.4386426	1
1	3	0.3979844	0.4371409	1
1	3	0.3531929	0.497226	1
1	3	0.3082609	0.5576639	1
1	3	0.313986	0.5507097	1
1	3	0.317002	0.5581493	1
1	3	0.3186346	0.5565545	1
1	3	-1	-1	1
1	3	-1	-1	1
1	3	-1	-1	1
1	3	-1	-1	1
1	3	-1	-1	1
1	3	-1	-1	1
1	3	-1	-1	1
1	3	0.300041	0.5224032	1
1	3	0.2972682	0.5172278	1
1	3	0.3007483	0.5275284	1
1	3	0.2968145	0.5254273	1
1	3	0.2960608	0.5342742	1
1	3	0.2952272	0.5320718	1
1	3	0.2984493	0.5276327	1
1	3	0.3716899	0.4206503	1
1	3	0.4841469	0.3082166	1
1	3	0.5060485	0.301183	1
1	3	0.5087573	0.3030365	1
1	3	0.5075244	0.3043402	1
1	3	0.5054193	0.3085613	1
1	3	0.5017952	0.308557	1
1	3	0.5020352	0.3129338	1
1	3	0.5132517	0.3084415	1
1	3	0.5113816	0.3117369	1
1	3	0.5132324	0.3063776	1
1	3	0.5142231	0.304309	1
1	3	0.5163192	0.3108998	1
1	3	0.5102441	0.319559	1
1	3	0.5149676	0.3112536	1
1	3	0.5163354	0.3060819	1
1	3	0.5184373	0.3149485	1
1	3	0.5144956	0.3094627	1
1	3	0.5198964	0.3056335	1
1	3	0.5222905	0.3071039	1
1	3	0.5204228	0.3134734	1
1	3	0.5205922	0.3141723	1
1	3	0.517145	0.3136777	1
1	3	0.5208466	0.318158	1
1	3	0.5213454	0.3053063	1
1	3	0.5220506	0.2990455	1
1	3	0.5154684	0.3110452	1
1	3	0.5226867	0.3049199	1
1	3	0.5245348	0.3041766	1
1	3	0.5215219	0.310534	1
1	3	0.5178656	0.3187487	1
1	3	0.5212299	0.3117398	1
1	3	0.5228675	0.3115263	1
1	3	0.5230351	0.2988398	1
1	3	0.5213776	0.3089249	1
1	3	0.5146138	0.3004278	1
1	3	0.5190946	0.3056092	1
1	3	0.5113164	0.3053409	1
1	3	0.5154679	0.3135901	1
1	3	0.5216301	0.3005269	1
1	3	0.5284228	0.3164857	1
1	3	0.5261713	0.3279781	1
1	3	0.4636718	0.402863	1
1	3	0.4349795	0.4420909	1
1	3	0.4351607	0.4502089	1
1	3	0.4395968	0.4661034	1
1	3	0.4420405	0.4626905	1
1	3	0.4516574	0.4670932	1
1	3	0.4486687	0.4481775	1
1	3	0.4488967	0.4362616	1
1	3	0.442248	0.4364302	1
1	3	0.4479334	0.4363785	1
1	3	0.4537905	0.452812	1
1	3	0.4827535	0.4349661	1
1	3	0.5201136	0.4059514	1
1	3	0.5300774	0.3896042	1
1	3	0.5251791	0.4029579	1
1	3	0.533777	0.3889363	1
1	3	0.5313653	0.400566	1
1	3	0.5259785	0.3939295	1
1	3	0.5297048	0.3945172	1
1	3	0.5338051	0.4032263	1
1	3	0.5264898	0.4087962	1
1	3	0.5252711	0.4051513	1
1	3	0.5280101	0.4017695	1
1	3	0.5337209	0.4014383	1
1	3	0.5290232	0.3964561	1
1	3	0.528453	0.4095919	1
1	3	0.5255145	0.4013566	1
1	3	0.5310536	0.393762	1
1	3	0.5239449	0.3997064	1
1	3	0.5236762	0.3986419	1
1	3	0.5213884	0.3912073	1
1	3	0.5198995	0.3937629	1
1	3	0.5234551	0.3973156	1
1	3	0.5201448	0.3999104	1
1	3	0.5242215	0.3951424	1
1	3	0.5209458	0.4041317	1
1	3	0.5191008	0.3956388	1
1	3	0.5205901	0.4002355	1
1	3	0.5180452	0.4034907	1
1	3	0.4399567	0.4364138	1
1	3	0.3549502	0.4793376	1
1	3	0.3670174	0.4736658	1
1	3	0.3641124	0.4772595	1
1	3	0.3662135	0.4769887	1
1	3	0.374335	0.4868429	1
1	3	0.3724154	0.4815255	1
1	3	0.3695892	0.4727968	1
1	3	0.3690462	0.4734085	1
1	3	0.3732212	0.4728897	1
1	3	0.3728619	0.4836284	1
1	3	0.3689766	0.4771446	1
1	3	0.3722667	0.4798695	1
1	3	0.366878	0.4795583	1
1	3	0.3733538	0.479903	1
1	3	0.3697346	0.4714416	1
1	3	0.3660309	0.4763654	1
1	3	0.3650127	0.4705378	1
1	3	0.3657798	0.4794779	1
1	3	0.3657474	0.4778847	1
1	3	0.3657264	0.4715021	1
1	3	0.3700356	0.474208	1
1	3	0.3681105	0.4719468	1
1	3	0.3666955	0.469505	1
1	3	0.3665251	0.4640266	1
1	3	0.3739298	0.4645845	1
1	3	0.3661329	0.4691502	1
1	3	0.367621	0.4737848	1
1	3	0.3625346	0.469037	1
1	3	0.3640903	0.474132	1
1	3	0.362195	0.4693922	1
1	3	0.3659801	0.4690768	1
1	3	0.3680605	0.4703121	1
1	3	0.3680412	0.4705738	1
1	3	0.3658905	0.4636396	1
1	3	0.3715608	0.4685806	1
1	3	0.3706788	0.4682072	1
1	3	0.3678378	0.4630685	1
1	3	-1	-1	1
1	3	-1	-1	1
1	3	-1	-1	1
1	3	-1	-1	1
1	3	-1	-1	1
1	3	-1	-1	1
1	3	-1	-1	1
1	3	0.55427	0.3651794	1
1	3	0.5560939	0.3668801	1
1	3	0.5560086	0.3673629	1
1	3	0.5559902	0.373042	1
1	3	0.5535148	0.3685084	1
1	3	0.5515435	0.3695296	1
1	3	0.5557321	0.3679629	1
1	3	0.5506421	0.3722025	1
1	3	0.5505911	0.373688	1
1	3	0.5495417	0.3719224	1
1	3	0.501699	0.4182925	1
1	3	0.3502636	0.5904281	1
1	3	0.2922418	0.7137615	1
1	3	0.3069026	0.7059484	1
1	3	0.3068817	0.707808	1
1	3	0.3108645	0.7102749	1
1	3	0.3127492	0.7071573	1
1	3	0.307011	0.7104513	1
1	3	0.3052001	0.7104362	1
1	3	0.3174711	0.7148402	1
1	3	0.311961	0.6993986	1
1	3	0.2797043	0.7689891	1
1	3	0.2723098	0.7893096	1
1	3	0.2655858	0.7937267	1
1	3	0.2671334	0.7787076	1
1	3	0.2751508	0.787198	1
1	3	0.2716634	0.779474	1
1	3	0.2560516	0.7645783	1
1	3	0.2758102	0.7861181	1
1	3	0.2632677	0.7730572	1
1	3	0.2605406	0.7735779	1
1	3	0.2716245	0.7699672	1
1	3	0.2686396	0.7721398	1
1	3	0.2885981	0.7882383	1
1	3	0.2745411	0.7770812	1
1	3	0.2878143	0.7972491	1
1	3	0.2804921	0.7777241	1
1	3	0.2755862	0.776024	1
1	3	0.2793527	0.7667128	1
1	3	0.2792785	0.7737561	1
1	3	0.27752	0.778724	1
1	3	0.2772813	0.7730415	1
1	3	0.2688904	0.7567705	1
1	3	0.2790969	0.7751508	1
1	3	0.2804679	0.7792172	1
1	3	0.2671285	0.7575297	1
1	3	0.2652058	0.7473782	1
1	3	0.2625884	0.7628636	1
1	3	0.2600744	0.7552563	1
1	3	0.276946	0.7774618	1
1	3	0.2684678	0.7659503	1
1	3	0.276204	0.7730128	1
1	3	0.3006329	0.699863	1
1	3	0.3877865	0.4927705	1
1	3	0.4451657	0.3810003	1
1	3	0.45002	0.4049409	1
1	3	0.4581142	0.3919013	1
1	3	0.4445373	0.3988003	1
1	3	0.4511002	0.3884621	1
1	3	0.4511717	0.3852049	1
1	3	0.4561866	0.3943011	1
1	3	0.4532382	0.4019686	1
1	3	0.4529428	0.4004129	1
1	3	0.444743	0.4002305	1
1	3	0.4064501	0.4502071	1
1	3	0.3882467	0.4316375	1
1	3	0.4043079	0.4610092	1
1	3	0.4007952	0.4576846	1
1	3	0.3890554	0.4667966	1
1	3	0.3978432	0.4524501	1
1	3	0.3854498	0.4388793	1
1	3	0.3951313	0.4504102	1
1	3	0.3969264	0.4653632	1
1	3	0.399495	0.4758396	1
1	3	0.4024927	0.4438628	1
1	3	0.4071867	0.4587432	1
1	3	0.4022076	0.4560913	1
1	3	0.4033789	0.4804601	1
1	3	0.3961083	0.4579936	1
1	3	0.3949094	0.4679022	1
1	3	0.3963712	0.4603604	1
1	3	0.3972806	0.4699021	1
1	3	0.394176	0.4529483	1
1	3	0.3893698	0.4636439	1
1	3	0.4001937	0.4608156	1
1	3	0.4017598	0.4678471	1
1	3	0.3982977	0.4740405	1
1	3	0.3998481	0.4786228	1
1	3	0.4001722	0.471332	1
1	3	0.396299	0.4600407	1
1	3	0.3915077	0.4682703	1
1	3	0.3914716	0.4669292	1
1	3	0.3889353	0.4721758	1
1	3	0.389737	0.468641	1
1	3	0.3927168	0.4668973	1
1	3	0.3894119	0.4669611	1
1	3	0.3857969	0.4656158	1
1	3	0.3900523	0.4737203	1
1	3	0.3861141	0.4668601	1
1	3	0.3738836	0.4631077	1
1	3	0.3910002	0.4794928	1
1	3	0.3865174	0.4744326	1
1	3	0.3819275	0.4644707	1
1	3	0.3887233	0.4649183	1
1	3	0.3826304	0.4610839	1
1	3	0.3849781	0.4706091	1
1	3	0.3924809	0.470632	1
1	3	0.3804056	0.4707379	1
1	3	0.3807411	0.4702667	1
1	3	0.3816612	0.4691943	1
1	3	0.3804038	0.4770443	1
1	3	0.3797271	0.4700009	1
1	3	0.377935	0.4715671	1
1	3	0.3762183	0.4692225	1
1	3	0.3731972	0.4711688	1
1	3	0.3674267	0.4714049	1
1	3	0.3731257	0.4595144	1
1	3	0.3751939	0.462174	1
1	3	0.3830046	0.4694515	1
1	3	0.3746049	0.4595687	1
1	3	0.3749879	0.4591694	1
1	3	0.3735463	0.4611717	1
1	3	0.3726769	0.4619127	1
1	3	0.3726134	0.4623708	1
1	3	0.3744759	0.467912	1
1	3	0.3760744	0.470092	1
1	3	0.3783017	0.4587086	1
1	3	0.3777718	0.4589148	1
1	3	0.3815988	0.4565595	1
1	3	0.3746293	0.4599813	1
1	3	0.3673446	0.4678546	1
1	3	0.3672605	0.4693873	1
1	3	0.4262968	0.4790997	1
1	3	0.4381685	0.4770335	1
1	3	0.4358581	0.4748485	1
1	3	0.4387804	0.4753919	1
1	3	0.4395699	0.4750839	1
1	3	-1	-1	1
1	3	-1	-1	1
1	3	-1	-1	1
1	3	-1	-1	1
1	3	-1	-1	1
1	3	-1	-1	1
1	3	-1	-1	1
1	3	0.4339951	0.4878904	1
1	3	0.4324938	0.4826387	1
1	3	0.4358898	0.4852204	1
1	3	0.4341804	0.4839817	1
1	3	0.4353457	0.4835626	1
1	3	0.4393986	0.4855634	1
1	3	0.3405903	0.5060737	1
1	3	0.2621289	0.5191762	1
1	3	0.2828621	0.516464	1
1	3	0.2757246	0.521949	1
1	3	0.2750127	0.5209853	1
1	3	0.2765592	0.5216525	1
1	3	0.2804693	0.5276415	1
1	3	0.2793276	0.5236804	1
1	3	0.2781098	0.527676	1
1	3	0.2798237	0.5162616	1
1	3	0.2785891	0.5198117	1
1	3	0.2872045	0.5246013	1
1	3	0.2827203	0.5182929	1
1	3	0.2865442	0.5192865	1
1	3	0.2840698	0.5178366	1
1	3	0.2892895	0.5272854	1
1	3	0.2804477	0.5158743	1
1	3	0.2966105	0.5254475	1
1	3	0.2918294	0.5237452	1
1	3	0.2854311	0.5105616	1
1	3	0.2915485	0.523939	1
1	3	0.2956486	0.5313892	1
1	3	0.2983277	0.5133762	1
1	3	0.2982664	0.5192086	1
1	3	0.2991105	0.5204394	1
1	3	0.3069466	0.5292994	1
1	3	0.2992102	0.5133577	1
1	3	0.2986276	0.5156915	1
1	3	0.3004291	0.5245057	1
1	3	0.2920618	0.5036276	1
1	3	0.2986881	0.5013679	1
1	3	0.2927873	0.5015441	1
1	3	0.3118649	0.5262676	1
1	3	0.2917741	0.4915549	1
1	3	0.2918346	0.5054032	1
1	3	0.3027528	0.4976766	1
1	3	0.304067	0.5142801	1
1	3	0.3053369	0.5073135	1
1	3	0.2890123	0.4948629	1
1	3	0.2916947	0.4986612	1
1	3	0.2993057	0.5025989	1
1	3	0.2890623	0.478929	1
1	3	0.3033124	0.5055211	1
1	3	0.3133342	0.5067137	1
1	3	0.3276896	0.4951392	1
1	3	0.3539064	0.4973195	1
1	3	0.3730395	0.5109056	1
1	3	0.374054	0.4917466	1
1	3	0.3666198	0.4944489	1
1	3	0.3625761	0.4976719	1
1	3	0.3662802	0.5019628	1
1	3	0.3648132	0.5056974	1
1	3	0.369018	0.5136953	1
1	3	0.3590958	0.499298	1
1	3	0.363516	0.4946734	1
1	3	0.3525275	0.4907972	1
1	3	0.3576585	0.4892568	1
1	3	0.3656138	0.5097871	1
1	3	0.3665897	0.4943441	1
1	3	0.3693007	0.5020479	1
1	3	0.3605765	0.49337	1
1	3	0.3674	0.5106185	1
1	3	0.3643682	0.5206692	1
1	3	0.3619143	0.5108694	1
1	3	0.3675618	0.501941	1
1	3	0.360483	0.5014963	1
1	3	0.3608052	0.5113889	1
1	3	0.3637658	0.5061266	1
1	3	0.3698089	0.5029508	1
1	3	0.3622723	0.5076997	1
1	3	0.3642302	0.5057371	1
1	3	0.3727413	0.507882	1
1	3	0.3891211	0.500407	1
1	3	0.4724419	0.4700124	1
1	3	0.499166	0.4170896	1
1	3	0.5004755	0.4200794	1
1	3	0.4979003	0.4132796	1
1	3	0.5042589	0.4228088	1
1	3	0.4958452	0.425633	1
1	3	0.4973439	0.4287167	1
1	3	0.4994535	0.4293156	1
1	3	0.4929153	0.4288422	1
1	3	0.5003604	0.4230892	1
1	3	0.4985719	0.4224353	1
1	3	0.4884474	0.422779	1
1	3	0.489092	0.4260135	1
1	3	0.4867204	0.421424	1
1	3	0.5239222	0.3809295	1
1	3	0.5489275	0.3827507	1
1	3	0.5503962	0.3835969	1
1	3	0.5497773	0.3765071	1
1	3	0.5510291	0.377145	1
1	3	0.55076	0.3766191	1
1	3	0.5501171	0.3747957	1
1	3	0.5503936	0.3725908	1
1	3	0.549695	0.3761258	1
1	3	0.5473992	0.3693227	1
1	3	0.550857	0.3694468	1
1	3	0.549271	0.3686627	1
1	3	0.5531558	0.3666247	1
1	3	0.5510894	0.3602993	1
1	3	0.5475796	0.3645746	1
1	3	0.5504647	0.3602023	1
1	3	0.5462438	0.3706843	1
1	3	0.5450023	0.3666864	1
1	3	0.5417498	0.3687392	1
1	3	0.5472174	0.3698734	1
1	3	0.5420912	0.3714536	1
1	3	0.4903387	0.4914116	1
1	3	0.4902301	0.637879	1
1	3	0.480372	0.6151828	1
1	3	0.4835205	0.6227182	1
1	3	0.4832308	0.6269711	1
1	3	0.4813382	0.6226128	1
1	3	0.4830358	0.6229739	1
1	3	0.4827982	0.6274102	1
1	3	0.4843276	0.6256667	1
1	3	0.4868859	0.6272715	1
1	3	0.4826767	0.6241153	1
1	3	0.4838104	0.6207258	1
1	3	-1	-1	1
1	3	-1	-1	1
1	3	-1	-1	1
1	3	-1	-1	1
1	3	-1	-1	1
1	3	-1	-1	1
1	3	-1	-1	1
1	3	-1	-1	1
1	3	0.4782218	0.6188326	1
1	3	0.4773128	0.6250749	1
1	3	0.4761505	0.6228547	1
1	3	0.4791714	0.6219008	1
1	3	0.4772815	0.6253307	1
1	3	0.4150144	0.6186395	1
1	3	0.2680572	0.6154146	1
1	3	0.2490661	0.602146	1
1	3	0.2560244	0.6104959	1
1	3	0.2540974	0.609966	1
1	3	0.2558041	0.6095224	1
1	3	0.2592983	0.6161743	1
1	3	0.3036704	0.5457113	1
1	3	0.4296373	0.3723229	1
1	3	0.4802346	0.2795032	1
1	3	0.4891942	0.283819	1
1	3	0.5008093	0.2713463	1
1	3	0.5137412	0.275991	1
1	3	0.5127047	0.2763526	1
1	3	0.5148259	0.2647518	1
1	3	0.5177782	0.275659	1
1	3	0.5206883	0.2787155	1
1	3	0.5202289	0.2664558	1
1	3	0.5187684	0.2840797	1
1	3	0.5266744	0.2782979	1
1	3	0.5211518	0.2701834	1
1	3	0.5294409	0.2762471	1
1	3	0.5716952	0.2671944	1
1	3	0.5956239	0.2588712	1
1	3	0.5897931	0.2730519	1
1	3	0.583827	0.2690005	1
1	3	0.5975078	0.2611248	1
1	3	0.596469	0.2604669	1
1	3	0.5917246	0.2609554	1
1	3	0.5963953	0.2722798	1
1	3	0.5881809	0.268399	1
1	3	0.5940325	0.2627163	1
1	3	0.5938976	0.2764797	1
1	3	0.5948436	0.2584768	1
1	3	0.5886722	0.2826344	1
1	3	0.6023094	0.2687006	1
1	3	0.6001247	0.264371	1
1	3	0.5959347	0.268339	1
1	3	0.5984004	0.2562353	1
1	3	0.5929109	0.2703502	1
1	3	0.5880767	0.2672316	1
1	3	0.5844674	0.287775	1
1	3	0.5733946	0.3405842	1
1	3	0.5728073	0.366173	1
1	3	0.5699288	0.3688607	1
1	3	0.5663395	0.3710933	1
1	3	0.5709212	0.3629099	1
1	3	0.5714828	0.3660044	1
1	3	0.5721892	0.3566624	1
1	3	0.5639451	0.3579983	1
1	3	0.5673865	0.3609736	1
1	3	0.5757588	0.3579262	1
1	3	0.5713073	0.3544626	1
1	3	0.5695736	0.371132	1
1	3	0.5661596	0.3672239	1
1	3	0.5594856	0.3587408	1
1	3	0.5470034	0.3568951	1
1	3	0.4754497	0.3624574	1
1	3	0.4687209	0.3715864	1
1	3	0.4698291	0.3674199	1
1	3	0.4654143	0.3711151	1
1	3	0.4684736	0.3630544	1
1	4	0.4745509	0.376756	0
1	4	0.4700025	0.3672745	0
1	4	0.4630354	0.3799935	0
1	4	0.4691751	0.3570522	0
1	4	0.4701649	0.3627569	0
1	4	0.4699777	0.3652546	0
1	4	0.4719881	0.3674032	0
1	4	0.4685332	0.3684505	0
1	4	0.4656357	0.3728623	0
1	4	0.3765996	0.4450112	0
1	4	0.3846148	0.4564658	0
1	4	0.3808322	0.4527101	0
1	4	0.3781516	0.4638575	0
1	4	0.3782981	0.4704217	0
1	4	0.3864743	0.4593174	0
1	4	0.384478	0.4638468	0
1	4	0.3880436	0.4684715	0
1	4	0.3800212	0.4609929	0
1	4	0.3789725	0.4649349	0
1	4	0.3802388	0.460317	0
1	4	0.3724107	0.4622931	0
1	4	0.3740617	0.4722424	0
1	4	0.3770645	0.4723569	0
1	4	0.3772106	0.4711353	0
1	4	0.3686729	0.4707104	0
1	4	0.3715842	0.456743	0
1	4	0.3686363	0.4660803	0
1	4	0.3781178	0.4697474	0
1	4	0.3822035	0.4585088	0
1	4	0.3743008	0.4522773	0
1	4	0.3710197	0.4571584	0
1	4	0.3676129	0.4583752	0
1	4	0.4049052	0.4056272	0
1	4	0.4293131	0.3727933	0
1	4	0.4408883	0.368136	0
1	4	0.4477908	0.3668398	0
1	4	0.4421634	0.3656455	0
1	4	0.4391154	0.3636765	0
1	4	0.4323525	0.3632118	0
1	4	0.4369783	0.3569407	0
1	4	0.4376691	0.3642004	0
1	4	0.4324091	0.3621845	0
1	4	0.4337149	0.362655	0
1	4	0.4358863	0.3542044	0
1	4	0.4340264	0.3568788	0
1	4	0.434573	0.3527842	0
1	4	0.4378173	0.3592859	0
1	4	0.4354291	0.3516915	0
1	4	0.4340031	0.3557932	0
1	4	0.4865362	0.3467218	0
1	4	0.5490934	0.3391715	0
1	4	0.5545965	0.3429052	0
1	4	0.5546982	0.3360228	0
1	4	0.5504349	0.3329313	0
1	4	0.5554944	0.3337378	0
1	4	0.5527757	0.334148	0
1	4	0.5545717	0.3336078	0
1	4	0.5469192	0.3337346	0
1	4	0.5466168	0.3405969	0
1	4	0.5505766	0.3363502	0
1	4	0.5554247	0.3294021	0
1	4	0.5487447	0.3375489	0
1	4	0.5556579	0.3329713	0
1	4	0.5534213	0.3380449	0
1	4	0.5532645	0.3351797	0
1	4	0.5527188	0.3399671	0
1	4	0.5569254	0.3365482	0
1	4	0.5552453	0.3358361	0
1	4	0.5525008	0.3355857	0
1	4	0.5471297	0.4226174	0
1	4	0.5367549	0.6416048	0
1	4	0.5359674	0.638016	0
1	4	-1	-1	0
1	4	-1	-1	0
1	4	-1	-1	0
1	4	-1	-1	0
1	4	-1	-1	0
1	4	-1	-1	0
1	4	-1	-1	0
1	4	0.5332087	0.6545594	0
1	4	0.5367118	0.6552784	0
1	4	0.5350311	0.6552273	0
1	4	0.5315463	0.6529775	0
1	4	0.5349751	0.6522557	0
1	4	0.5244184	0.6445931	0
1	4	0.4616328	0.4795527	0
1	4	0.4500173	0.4062659	0
1	4	0.4563713	0.4159598	0
1	4	0.4571914	0.417378	0
1	4	0.4509889	0.4122745	0
1	4	0.4552512	0.4199386	0
1	4	0.4552795	0.4213482	0
1	4	0.4533519	0.4215896	0
1	4	0.4562256	0.4258102	0
1	4	0.4564107	0.4280521	0
1	4	0.4455582	0.4356578	0
1	4	0.3289369	0.5671008	0
1	4	0.2843058	0.6136839	0
1	4	0.2942618	0.6033792	0
1	4	0.2925403	0.6025195	0
1	4	0.3063192	0.6086103	0
1	4	0.3031728	0.6046336	0
1	4	0.3018228	0.5866631	0
1	4	0.3086604	0.6070425	0
1	4	0.2959287	0.6003584	0
1	4	0.2963606	0.5915878	0
1	4	0.2986138	0.6088563	0
1	4	0.2783731	0.615175	0
1	4	0.2947049	0.6158897	0
1	4	0.2958986	0.6147823	0
1	4	0.2953387	0.6293657	0
1	4	0.2962066	0.6238743	0
1	4	0.2993781	0.6235046	0
1	4	0.2938243	0.6202944	0
1	4	0.3002608	0.618084	0
1	4	0.2941616	0.5983562	0
1	4	0.3018982	0.6154143	0
1	4	0.3088685	0.6308705	0
1	4	0.2968522	0.6189438	0
1	4	0.2963317	0.6226834	0
1	4	0.3042886	0.625613	0
1	4	0.3039195	0.6260682	0
1	4	0.2939663	0.6151748	0
1	4	0.2989176	0.6165805	0
1	4	0.2943387	0.615223	0
1	4	0.3054527	0.6254482	0
1	4	0.2910632	0.5942265	0
1	4	0.3069678	0.6352764	0
1	4	0.2992698	0.6173359	0
1	4	0.3081838	0.6199171	0
1	4	0.3097628	0.6335562	0
1	4	0.3033218	0.6116486	0
1	4	0.2920034	0.6094593	0
1	4	0.367703	0.5625289	0
1	4	0.4135079	0.5122871	0
1	4	0.4192668	0.4838545	0
1	4	0.4176384	0.4984708	0
1	4	0.4283867	0.5246749	0
1	4	0.4141845	0.5164454	0
1	4	0.4163136	0.4966958	0
1	4	0.418718	0.5012782	0
1	4	0.4165547	0.5144624	0
1	4	0.4162881	0.514481	0
1	4	0.4134789	0.516197	0
1	4	0.4075898	0.4942001	0
1	4	0.4260208	0.5104675	0
1	4	0.4201858	0.5192147	0
1	4	0.417564	0.5034989	0
1	4	0.411141	0.5031993	0
1	4	0.4138117	0.5039486	0
1	4	0.4196782	0.5001937	0
1	4	0.4188737	0.5313989	0
1	4	0.4089901	0.4934087	0
1	4	0.4077894	0.5130176	0
1	4	0.4126096	0.5217746	0
1	4	0.4192199	0.5113128	0
1	4	0.4150141	0.5111858	0
1	4	0.4122459	0.5181402	0
1	4	0.419504	0.5222529	0
1	4	0.4122342	0.508662	0
1	4	0.4113483	0.5110331	0
1	4	0.4115438	0.5122221	0
1	4	0.4074299	0.5007905	0
1	4	0.4131545	0.5261899	0
1	4	0.4096379	0.5103838	0
1	4	0.4105693	0.5128479	0
1	4	0.410928	0.5104818	0
1	4	0.4048424	0.5124674	0
1	4	0.4060693	0.5094813	0
1	4	0.4158747	0.5180321	0
1	4	0.4016653	0.5138133	0
1	4	0.4123439	0.5301404	0
1	4	0.3965675	0.5137037	0
1	4	0.3972537	0.5200355	0
1	4	0.4006393	0.5065925	0
1	4	0.4007334	0.5107161	0
1	4	0.4037826	0.5128475	0
1	4	0.399459	0.5142838	0
1	4	0.4024403	0.516414	0
1	4	0.3987111	0.5169229	0
1	4	0.401636	0.5166878	0
1	4	0.3953975	0.5134031	0
1	4	0.4013588	0.5124313	0
1	4	0.3967622	0.5071785	0
1	4	0.3979606	0.5030188	0
1	4	0.3959527	0.5039758	0
1	4	0.3888928	0.5057714	0
1	4	0.3952767	0.5018026	0
1	4	0.396501	0.5082833	0
1	4	0.3928029	0.4947391	0
1	4	0.3865688	0.4945156	0
1	4	0.3925212	0.5074609	0
1	4	0.3956411	0.4990463	0
1	4	0.3961045	0.5052444	0
1	4	0.3911423	0.503566	0
1	4	0.3934239	0.5095221	0
1	4	0.3964407	0.5062761	0
1	4	0.3893011	0.5015657	0
1	4	0.3845963	0.4944581	0
1	4	0.3877983	0.4998075	0
1	4	0.3877007	0.4993623	0
1	4	0.3864448	0.5043857	0
1	4	0.3837106	0.4953513	0
1	4	0.3837635	0.498422	0
1	4	0.3901743	0.5008515	0
1	4	0.3868473	0.5027405	0
1	4	0.3902698	0.5097139	0
1	4	0.3879958	0.5062935	0
1	4	0.3872417	0.5047518	0
1	4	0.3864543	0.510713	0
1	4	0.3891849	0.5076222	0
1	4	-1	-1	0
1	4	-1	-1	0
1	4	-1	-1	0
1	4	-1	-1	0
1	4	-1	-1	0
1	4	-1	-1	0
1	4	-1	-1	0
1	4	0.3914605	0.5032474	0
1	4	0.3923156	0.5088581	0
1	4	0.3925968	0.5104446	0
1	4	0.3936027	0.5068682	0
1	4	0.3927853	0.5075884	0
1	4	0.3942596	0.5073155	0
1	4	0.3447033	0.461482	0
1	4	0.2790869	0.3545507	0
1	4	0.2593208	0.3225757	0
1	4	0.264311	0.3250954	0
1	4	0.2680327	0.3206742	0
1	4	0.2684804	0.3268239	0
1	4	0.2683308	0.3241198	0
1	4	0.2729355	0.3353327	0
1	4	0.2728189	0.3394992	0
1	4	0.2793375	0.3380129	0
1	4	0.2744303	0.3473654	0
1	4	0.2771835	0.336524	0
1	4	0.2797086	0.3448665	0
1	4	0.2785411	0.340647	0
1	4	0.2840979	0.3374379	0
1	4	0.2835348	0.3376486	0
1	4	0.2943123	0.3370969	0
1	4	0.2877611	0.3374019	0
1	4	0.2792324	0.3317803	0
1	4	0.2889525	0.3383339	0
1	4	0.2825739	0.3434534	0
1	4	0.2929882	0.3342701	0
1	4	0.2906778	0.3327521	0
1	4	0.2919767	0.3401386	0
1	4	0.2929408	0.3280198	0
1	4	0.3011532	0.3391138	0
1	4	0.2914466	0.3323772	0
1	4	0.2883767	0.3417676	0
1	4	0.2958581	0.3338073	0
1	4	0.2900993	0.3324465	0
1	4	0.2953292	0.3436355	0
1	4	0.2957449	0.3443421	0
1	4	0.2977471	0.334443	0
1	4	0.2920922	0.3284986	0
1	4	0.3021056	0.3491561	0
1	4	0.3506386	0.4765111	0
1	4	0.3993169	0.5936866	0
1	4	0.408071	0.583414	0
1	4	0.4146618	0.5833721	0
1	4	0.4070614	0.582007	0
1	4	0.4016305	0.5730134	0
1	4	0.4011353	0.5767866	0
1	4	0.395157	0.5531432	0
1	4	0.3999765	0.5798239	0
1	4	0.3993109	0.5520787	0
1	4	0.4073762	0.563362	0
1	4	0.4063312	0.565946	0
1	4	0.4028971	0.5748355	0
1	4	0.4097819	0.571473	0
1	4	0.4031326	0.5773507	0
1	4	0.4001078	0.5708944	0
1	4	0.4025002	0.5732181	0
1	4	0.4141195	0.5783422	0
1	4	0.3941638	0.5421045	0
1	4	0.3881727	0.5318989	0
1	4	0.391663	0.5232031	0
1	4	0.3855458	0.5192932	0
1	4	0.3845909	0.531184	0
1	4	0.3887062	0.5387065	0
1	4	0.3951649	0.5373383	0
1	4	0.3817649	0.5310956	0
1	4	0.3911631	0.5249645	0
1	4	0.3919857	0.5308099	0
1	4	0.3869703	0.5064896	0
1	4	0.384727	0.5225219	0
1	4	0.3749191	0.5145888	0
1	4	0.3853567	0.5308894	0
1	4	0.3825258	0.5283844	0
1	4	0.3818719	0.5274863	0
1	4	0.3869975	0.5292916	0
1	4	0.4253656	0.4775287	0
1	4	0.5052193	0.424787	0
1	4	0.5217335	0.3872485	0
1	4	0.5277379	0.3989435	0
1	4	0.5286154	0.387641	0
1	4	0.5242776	0.3894548	0
1	4	0.5323978	0.3806193	0
1	4	0.5397614	0.3820024	0
1	4	0.5350325	0.3846515	0
1	4	0.5330485	0.3839082	0
1	4	0.5265176	0.3791687	0
1	4	0.5249222	0.3893735	0
1	4	0.5252836	0.3820587	0
1	4	0.5318231	0.3881251	0
1	4	0.5318904	0.3851724	0
1	4	0.532061	0.3829645	0
1	4	0.5313942	0.3922385	0
1	4	0.5244411	0.3866936	0
1	4	0.5286933	0.3872718	0
1	4	0.527411	0.3889033	0
1	4	0.5264675	0.3825038	0
1	4	0.5350848	0.3822781	0
1	4	0.5318148	0.3838154	0
1	4	0.5311264	0.3769139	0
1	4	0.5295561	0.3794513	0
1	4	0.5283031	0.3838989	0
1	4	0.5270035	0.3786727	0
1	4	0.5249049	0.3872933	0
1	4	0.5294269	0.3858391	0
1	4	0.5186416	0.3802711	0
1	4	0.522864	0.38399	0
1	4	0.5226521	0.3796912	0
1	4	0.5232826	0.3746339	0
1	4	0.5218423	0.3848608	0
1	4	0.5254979	0.3765024	0
1	4	0.5200618	0.3690828	0
1	4	0.5245128	0.3769399	0
1	4	0.5258236	0.3701643	0
1	4	0.5228863	0.3707125	0
1	4	0.5203777	0.3810905	0
1	4	0.5328916	0.3709667	0
1	4	0.5335667	0.3676052	0
1	4	0.534671	0.3793077	0
1	4	0.5299008	0.3745375	0
1	4	0.5328326	0.3753204	0
1	4	0.522584	0.3737133	0
1	4	0.5275578	0.3789478	0
1	4	0.5241612	0.3772248	0
1	4	0.5219559	0.3755605	0
1	4	0.5240692	0.3812507	0
2	1	-1	-1	0
2	1	-1	-1	0
2	1	-1	-1	0
2	1	-1	-1	0
2	1	-1	-1	0
2	1	-1	-1	0
2	1	-1	-1	0
2	1	-1	-1	0
2	1	-1	-1	0
2	1	-1	-1	0
2	1	-1	-1	0
2	1	-1	-1	0
2	1	-1	-1	0
2	1	-1	-1	0
2	1	-1	-1	0
2	1	-1	-1	0
2	1	-1	-1	0
2	1	-1	-1	0
2	1	-1	-1	0
2	1	-1	-1	0
2	1	0.5149993	0.2822299	0
2	1	-1	-1	0
2	1	-1	-1	0
2	1	-1	-1	0
2	1	-1	-1	0
2	1	-1	-1	0
2	1	0.5117586	0.3386642	0
2	1	0.5189297	0.3338214	0
2	1	0.5105532	0.336954	0
2	1	0.5194294	0.3458292	0
2	1	0.5203038	0.3490915	0
2	1	0.5153655	0.3466472	0
2	1	0.5157416	0.3471062	0
2	1	0.5176399	0.3580663	0
2	1	0.5218422	0.3554362	0
2	1	0.5205567	0.3504523	0
2	1	0.5255443	0.3425166	0
2	1	0.5291563	0.3402233	0
2	1	0.5250794	0.2965489	0
2	1	0.5259383	0.3229745	0
2	1	0.532967	0.304754	0
2	1	0.5365778	0.3278398	0
2	1	0.5449551	0.2832929	0
2	1	0.5441865	0.3298098	0
2	1	0.5403532	0.3389113	0
2	1	0.5358751	0.3477798	0
2	1	0.5374115	0.3304061	0
2	1	0.535494	0.3460057	0
2	1	0.5388958	0.32785	0
2	1	0.5364402	0.3406917	0
2	1	0.5389993	0.3327017	0
2	1	0.5398	0.3458172	0
2	1	0.5363241	0.3403828	0
2	1	0.5389696	0.3391796	0
2	1	0.5381031	0.3241648	0
2	1	0.5399783	0.3311605	0
2	1	0.5367616	0.3312618	0
2	1	0.542936	0.3352803	0
2	1	0.545433	0.3470187	0
2	1	0.5505492	0.3352715	0
2	1	0.5419207	0.3357891	0
2	1	0.5316347	0.3324883	0
2	1	0.5413997	0.3479362	0
2	1	0.536096	0.3436486	0
2	1	0.5399192	0.3300045	0
2	1	0.5370681	0.3306133	0
2	1	0.5449025	0.3445849	0
2	1	0.5407935	0.3322701	0
2	1	0.5421538	0.330909	0
2	1	0.5292292	0.3359267	0
2	1	0.5275544	0.3444674	0
2	1	0.5352867	0.321627	0
2	1	0.5362907	0.3298134	0
2	1	0.5339496	0.3396943	0
2	1	0.5302644	0.3332861	0
2	1	0.5395622	0.3400593	0
2	1	0.5394397	0.33568	0
2	1	0.419605	0.3731655	0
2	1	0.2554143	0.4886913	0
2	1	0.2529431	0.4915123	0
2	1	0.2723438	0.4977417	0
2	1	0.264277	0.4968807	0
2	1	0.2673143	0.4886369	0
2	1	0.2601959	0.4859595	0
2	1	0.2660515	0.4899393	0
2	1	0.2646367	0.4936345	0
2	1	0.2799116	0.4772699	0
2	1	0.261684	0.4773421	0
2	1	0.1804117	0.5232996	0
2	1	0.114146	0.5312518	0
2	1	0.1242099	0.5294481	0
2	1	0.1192769	0.5330021	0
2	1	0.1215483	0.5450031	0
2	1	0.1170795	0.5370884	0
2	1	0.1773298	0.5786662	0
2	1	0.1383801	0.5307455	0
2	1	0.1413553	0.4970748	0
2	1	0.132502	0.5446562	0
2	1	0.2066224	0.5688716	0
2	1	0.3846184	0.5470831	0
2	1	0.5997598	0.5537035	0
2	1	0.6109776	0.5639849	0
2	1	0.620787	0.5650556	0
2	1	0.615683	0.5505382	0
2	1	0.6168395	0.5630454	0
2	1	0.6192814	0.5564233	0
2	1	0.6188719	0.5387087	0
2	1	0.6263152	0.5308467	0
2	1	0.6220654	0.5508444	0
2	1	0.6161883	0.5513069	0
2	1	0.6227201	0.5479077	0
2	1	0.6183402	0.5447289	0
2	1	0.6252427	0.5530147	0
2	1	0.6222606	0.5526564	0
2	1	0.6217265	0.5627857	0
2	1	0.6155419	0.5515417	0
2	1	0.6203267	0.5534875	0
2	1	0.4815138	0.564811	0
2	1	0.23689	0.5618299	0
2	1	8.13E-02	0.5782096	0
2	1	0.1169255	0.5675122	0
2	1	0.1103203	0.5615408	0
2	1	0.1096247	0.5566671	0
2	1	0.1068165	0.5563178	0
2	1	0.1106522	0.5611424	0
2	1	0.1130793	0.5612561	0
2	1	0.1174084	0.5631517	0
2	1	0.113206	0.5607163	0
2	1	0.1553738	0.5520589	0
2	1	0.362613	0.5394503	0
2	1	0.574213	0.4981098	0
2	1	0.622056	0.4965035	0
2	1	0.6209971	0.5006515	0
2	1	0.6236573	0.5015153	0
2	1	0.620759	0.5002875	0
2	1	0.6275109	0.4912609	0
2	1	0.618315	0.5022241	0
2	1	0.6202797	0.5045413	0
2	1	0.6188278	0.5054457	0
2	1	0.619382	0.4988768	0
2	1	0.6230929	0.502122	0
2	1	0.6232139	0.501049	0
2	1	0.6203638	0.5016441	0
2	1	0.614009	0.5070976	0
2	1	0.6159895	0.5014241	0
2	1	0.6147227	0.5078232	0
2	1	0.6135044	0.5091745	0
2	1	0.6132122	0.509084	0
2	1	0.6098977	0.5059077	0
2	1	0.6103545	0.5062185	0
2	1	0.6113873	0.5136023	0
2	1	0.6119909	0.5050898	0
2	1	0.6106045	0.5095945	0
2	1	0.6127505	0.50939	0
2	1	-1	-1	0
2	1	-1	-1	0
2	1	-1	-1	0
2	1	-1	-1	0
2	1	-1	-1	0
2	1	0.6077092	0.5024601	0
2	1	0.6136516	0.4999629	0
2	1	0.602654	0.5007966	0
2	1	0.6130671	0.4977707	0
2	1	0.6026433	0.5062302	0
2	1	0.6143049	0.4979586	0
2	1	0.6029885	0.5008059	0
2	1	0.607581	0.5021047	0
2	1	0.6048356	0.4968446	0
2	1	0.602967	0.4967767	0
2	1	0.6056817	0.4982395	0
2	1	0.6069883	0.497008	0
2	1	0.6074146	0.4977197	0
2	1	0.6069723	0.5034196	0
2	1	0.4969639	0.5132518	0
2	1	0.3470255	0.5366759	0
2	1	0.3704429	0.5419531	0
2	1	0.3689496	0.5451735	0
2	1	0.3729371	0.5436381	0
2	1	0.3778271	0.5499652	0
2	1	0.3725888	0.5434793	0
2	1	0.380555	0.5518202	0
2	1	0.3808126	0.5434608	0
2	1	0.3758399	0.5377272	0
2	1	0.4204786	0.5187727	0
2	1	0.5925454	0.3998121	0
2	1	0.7400211	0.2970115	0
2	1	0.7749757	0.298027	0
2	1	0.7817369	0.2999199	0
2	1	0.7907355	0.297456	0
2	1	0.7820292	0.3002564	0
2	1	0.7804859	0.3104345	0
2	1	0.7848707	0.2956187	0
2	1	0.78864	0.304292	0
2	1	0.7922283	0.2966875	0
2	1	0.8486994	0.2924397	0
2	1	0.8630049	0.2786733	0
2	1	0.8573765	0.280642	0
2	1	0.8640797	0.2806174	0
2	1	0.8576706	0.282168	0
2	1	0.8568108	0.2838452	0
2	1	0.8634748	0.2798234	0
2	1	0.8628284	0.2832027	0
2	1	0.8588585	0.281644	0
2	1	0.8638688	0.2836517	0
2	1	0.8591254	0.2845841	0
2	1	0.8561245	0.2938828	0
2	1	0.8660343	0.2722	0
2	1	0.8409667	0.3062336	0
2	1	0.6557811	0.4911197	0
2	1	0.538541	0.6175452	0
2	1	0.5554908	0.6082608	0
2	1	0.5649398	0.5716242	0
2	1	0.5601225	0.5947433	0
2	1	0.5667514	0.578229	0
2	1	0.5558362	0.5762148	0
2	1	0.5589522	0.5808883	0
2	1	0.5647049	0.5743384	0
2	1	0.5653239	0.5914169	0
2	1	0.5678671	0.5885583	0
2	1	0.5628642	0.5807766	0
2	1	0.5660017	0.5822034	0
2	1	0.5598003	0.5948517	0
2	1	0.5647367	0.6029218	0
2	1	0.5582691	0.5876566	0
2	1	0.5666294	0.5825375	0
2	1	0.5523084	0.5920346	0
2	1	0.5648533	0.5874084	0
2	1	0.5607221	0.5973265	0
2	1	0.5594048	0.5875567	0
2	1	0.5567015	0.6000733	0
2	1	0.5582361	0.5892541	0
2	1	0.5684364	0.5815368	0
2	1	0.6707537	0.4596242	0
2	1	0.8106147	0.3029311	0
2	1	0.8614429	0.288694	0
2	1	0.867965	0.2754189	0
2	1	0.8737168	0.2695616	0
2	1	0.8675644	0.2787208	0
2	1	0.8682205	0.2878715	0
2	1	0.8740138	0.2869919	0
2	1	0.8716878	0.2732123	0
2	1	0.8701044	0.2809871	0
2	1	0.8725579	0.2682459	0
2	1	0.8682183	0.2727621	0
2	1	0.8707399	0.2807094	0
2	1	0.8643521	0.274388	0
2	1	0.8738084	0.2691814	0
2	1	0.8706672	0.277099	0
2	1	0.8671843	0.2749057	0
2	1	0.8748184	0.2714856	0
2	1	0.8705416	0.2789845	0
2	1	0.8715145	0.2706047	0
2	1	0.8718154	0.2833542	0
2	1	0.8796088	0.2779936	0
2	1	0.871182	0.283262	0
2	1	0.8680129	0.275398	0
2	1	0.8770847	0.2712127	0
2	1	0.8799154	0.2694534	0
2	1	0.8758183	0.2628593	0
2	1	0.8766755	0.2700275	0
2	1	0.8689297	0.2857463	0
2	1	0.8744694	0.2717718	0
2	1	0.8747628	0.2871759	0
2	1	0.8742764	0.2701352	0
2	1	0.8776571	0.2748272	0
2	1	0.8670403	0.2758964	0
2	1	0.8771793	0.2720051	0
2	1	0.8799721	0.2779919	0
2	1	0.8726671	0.2827674	0
2	1	0.861297	0.2800184	0
2	1	0.8691462	0.2798016	0
2	1	0.8711388	0.2735506	0
2	1	0.8730069	0.270994	0
2	1	0.8673288	0.2729109	0
2	1	0.8697202	0.2809485	0
2	1	0.8748755	0.2754997	0
2	1	0.8649437	0.2836044	0
2	1	0.8743492	0.2725221	0
2	1	0.8706037	0.27962	0
2	1	0.8661792	0.2823822	0
2	1	0.8726637	0.2720296	0
2	1	0.7950627	0.3257577	0
2	1	0.5617987	0.4668917	0
2	1	0.4023534	0.5644104	0
2	1	0.416053	0.5565846	0
2	1	0.4304917	0.5656818	0
2	1	0.4355372	0.5403064	0
2	1	0.4470063	0.557302	0
2	1	0.4421313	0.568773	0
2	1	0.4363983	0.5318325	0
2	1	0.4425329	0.5667294	0
2	1	0.43652	0.5365239	0
2	1	0.4359246	0.5355875	0
2	1	0.4416614	0.5415166	0
2	1	0.435986	0.5439526	0
2	1	0.4700825	0.5509844	0
2	1	0.5837128	0.5393808	0
2	1	0.5955682	0.5241845	0
2	1	0.5922326	0.5520659	0
2	1	0.590507	0.5564731	0
2	1	0.5955134	0.5397022	0
2	1	0.5920001	0.5359471	0
2	1	0.5967157	0.5349519	0
2	1	0.5934042	0.5357653	0
2	1	0.5962808	0.5370995	0
2	1	0.5884446	0.5386788	0
2	1	0.5981259	0.5265807	0
2	1	0.5987831	0.5360143	0
2	1	0.591851	0.5397241	0
2	1	0.5910782	0.5434073	0
2	1	0.5874769	0.5456514	0
2	1	0.5854881	0.5352345	0
2	1	0.4798025	0.5427471	0
2	1	0.299495	0.5410179	0
2	1	0.2545565	0.5319434	0
2	1	0.2655135	0.5294894	0
2	1	0.2591496	0.5287774	0
2	1	0.2692534	0.5291215	0
2	1	0.2632205	0.5339225	0
2	1	0.2570648	0.5268353	0
2	1	0.2667065	0.5352155	0
2	1	0.2621133	0.5263114	0
2	1	0.2613747	0.5300735	0
2	1	0.273645	0.5404826	0
2	1	0.2667809	0.5360988	0
2	1	0.2697515	0.5361774	0
2	1	0.2673314	0.52482	0
2	1	0.2725646	0.5356388	0
2	1	0.2754628	0.5372146	0
2	1	0.3349751	0.5036108	0
2	1	0.5194981	0.4765396	0
2	1	0.6870304	0.4375248	0
2	1	0.6859813	0.4373132	0
2	1	0.6973474	0.4318506	0
2	1	0.6963251	0.4257633	0
2	1	0.698221	0.4286143	0
2	1	0.6978481	0.4302747	0
2	1	0.6939939	0.4334635	0
2	1	0.6985177	0.4254353	0
2	1	0.6986532	0.4275478	0
2	1	0.6898815	0.4273457	0
2	1	0.6925467	0.4306291	0
2	1	0.6953416	0.4346959	0
2	1	0.6977299	0.4270034	0
2	1	0.698411	0.4225915	0
2	1	0.6867263	0.4335079	0
2	1	0.6848143	0.4326198	0
2	1	0.695709	0.4259441	0
2	1	0.6976134	0.4258181	0
2	1	0.6928985	0.4238755	0
2	1	0.7564508	0.4107174	0
2	1	0.7892518	0.4029564	0
2	1	0.781426	0.4114183	0
2	1	0.7912505	0.4061834	0
2	1	0.792535	0.3973108	0
2	1	0.7916039	0.4022996	0
2	1	0.7863516	0.4038821	0
2	1	0.7849836	0.4002227	0
2	1	0.7888702	0.4019941	0
2	1	0.7902326	0.4026735	0
2	1	0.7915332	0.4020689	0
2	1	0.6438184	0.414719	0
2	1	0.3972612	0.4072196	0
2	1	0.2450532	0.4199329	0
2	1	0.2808835	0.4190247	0
2	1	0.2794776	0.4123029	0
2	1	0.2804794	0.4108368	0
2	1	0.2761368	0.4098673	0
2	1	0.2742336	0.4094266	0
2	1	0.2807227	0.411415	0
2	1	0.2879172	0.4144976	0
2	1	0.2816846	0.4146271	0
2	1	0.2743009	0.4124361	0
2	1	0.2855877	0.4110342	0
2	1	0.2872095	0.413025	0
2	1	0.2839875	0.410759	0
2	1	0.2801438	0.4039267	0
2	1	0.2779775	0.4139423	0
2	1	0.2811137	0.4135876	0
2	1	0.2878572	0.4076388	0
2	1	0.2858693	0.4138027	0
2	1	0.2847241	0.4180638	0
2	1	0.2894667	0.6027267	0
2	1	0.2989071	0.6765426	0
2	1	0.3032913	0.6700298	0
2	1	0.3032956	0.6781566	0
2	1	0.2961389	0.6754527	0
2	1	0.3015971	0.6789976	0
2	1	0.2958697	0.6744264	0
2	1	0.2965786	0.678239	0
2	1	0.2953883	0.6765267	0
2	1	0.3053492	0.6766082	0
2	1	0.3030423	0.670629	0
2	1	0.464609	0.6889384	0
2	1	0.6452168	0.6757552	0
2	1	0.6754746	0.6796236	0
2	1	0.6872917	0.6812149	0
2	1	0.6885555	0.6806179	0
2	1	0.6886026	0.6823903	0
2	1	0.6883271	0.6774961	0
2	1	0.6898523	0.6802589	0
2	1	0.6885397	0.6826757	0
2	1	0.6891634	0.6784845	0
2	1	0.6931885	0.6848069	0
2	1	0.6892375	0.685612	0
2	1	0.6880078	0.6710616	0
2	1	0.6860842	0.6794757	0
2	1	0.6856817	0.6766076	0
2	1	0.6886174	0.6788145	0
2	1	0.6893307	0.6789296	0
2	1	0.6836078	0.6767686	0
2	1	0.6890357	0.6839638	0
2	1	0.7523381	0.6717004	0
2	1	0.7831845	0.6697421	0
2	1	0.7831902	0.6706962	0
2	1	0.7900446	0.6678472	0
2	1	0.7970961	0.6661781	0
2	1	0.7923325	0.6674998	0
2	1	0.7882708	0.6686463	0
2	1	0.787639	0.6632815	0
2	1	0.7912102	0.6659802	0
2	1	0.7901323	0.6651849	0
2	1	0.7916672	0.6643219	0
2	1	0.7941677	0.6636059	0
2	1	0.7924079	0.664264	0
2	1	0.7948684	0.6590562	0
2	1	0.7111396	0.6630923	0
2	1	0.4626911	0.5999575	0
2	1	0.3659833	0.5570288	0
2	1	0.4070667	0.5741494	0
2	1	0.4028216	0.5661439	0
2	1	0.4014228	0.5620227	0
